4.435000000000000000e+03 8.870000000000000107e-01 1.000000000000000056e-01
4.436000000000000000e+03 8.871999999999999886e-01 1.000000000000000056e-01
4.437000000000000000e+03 8.874000000000000776e-01 1.000000000000000056e-01
4.438000000000000000e+03 8.876000000000000556e-01 1.000000000000000056e-01
4.439000000000000000e+03 8.878000000000000336e-01 1.000000000000000056e-01
4.440000000000000000e+03 8.880000000000000115e-01 1.000000000000000056e-01
4.441000000000000000e+03 8.881999999999999895e-01 1.000000000000000056e-01
4.442000000000000000e+03 8.884000000000000785e-01 1.000000000000000056e-01
4.443000000000000000e+03 8.886000000000000565e-01 1.000000000000000056e-01
4.444000000000000000e+03 8.888000000000000345e-01 1.000000000000000056e-01
4.445000000000000000e+03 8.890000000000000124e-01 1.000000000000000056e-01
4.446000000000000000e+03 8.891999999999999904e-01 1.000000000000000056e-01
4.447000000000000000e+03 8.894000000000000794e-01 1.000000000000000056e-01
4.448000000000000000e+03 8.896000000000000574e-01 1.000000000000000056e-01
4.449000000000000000e+03 8.898000000000000353e-01 1.000000000000000056e-01
4.450000000000000000e+03 8.900000000000000133e-01 1.000000000000000056e-01
4.451000000000000000e+03 8.901999999999999913e-01 1.000000000000000056e-01
4.452000000000000000e+03 8.904000000000000803e-01 1.000000000000000056e-01
4.453000000000000000e+03 8.906000000000000583e-01 1.000000000000000056e-01
4.454000000000000000e+03 8.908000000000000362e-01 1.000000000000000056e-01
4.455000000000000000e+03 8.910000000000000142e-01 1.000000000000000056e-01
4.456000000000000000e+03 8.911999999999999922e-01 1.000000000000000056e-01
4.457000000000000000e+03 8.914000000000000812e-01 1.000000000000000056e-01
4.458000000000000000e+03 8.916000000000000592e-01 1.000000000000000056e-01
4.459000000000000000e+03 8.918000000000000371e-01 1.000000000000000056e-01
4.460000000000000000e+03 8.920000000000000151e-01 1.000000000000000056e-01
4.461000000000000000e+03 8.921999999999999931e-01 1.000000000000000056e-01
4.462000000000000000e+03 8.924000000000000821e-01 1.000000000000000056e-01
4.463000000000000000e+03 8.926000000000000600e-01 1.000000000000000056e-01
4.464000000000000000e+03 8.928000000000000380e-01 1.000000000000000056e-01
4.465000000000000000e+03 8.930000000000000160e-01 1.000000000000000056e-01
4.466000000000000000e+03 8.931999999999999940e-01 1.000000000000000056e-01
4.467000000000000000e+03 8.934000000000000830e-01 1.000000000000000056e-01
4.468000000000000000e+03 8.936000000000000609e-01 1.000000000000000056e-01
4.469000000000000000e+03 8.938000000000000389e-01 1.000000000000000056e-01
4.470000000000000000e+03 8.940000000000000169e-01 1.000000000000000056e-01
4.471000000000000000e+03 8.941999999999999948e-01 1.000000000000000056e-01
4.472000000000000000e+03 8.944000000000000838e-01 1.000000000000000056e-01
4.473000000000000000e+03 8.946000000000000618e-01 1.000000000000000056e-01
4.474000000000000000e+03 8.948000000000000398e-01 1.000000000000000056e-01
4.475000000000000000e+03 8.950000000000000178e-01 1.000000000000000056e-01
4.476000000000000000e+03 8.951999999999999957e-01 1.000000000000000056e-01
4.477000000000000000e+03 8.954000000000000847e-01 1.000000000000000056e-01
4.478000000000000000e+03 8.956000000000000627e-01 1.000000000000000056e-01
4.479000000000000000e+03 8.958000000000000407e-01 1.000000000000000056e-01
4.480000000000000000e+03 8.960000000000000187e-01 1.000000000000000056e-01
4.481000000000000000e+03 8.961999999999999966e-01 1.000000000000000056e-01
4.482000000000000000e+03 8.964000000000000856e-01 1.000000000000000056e-01
4.483000000000000000e+03 8.966000000000000636e-01 1.000000000000000056e-01
4.484000000000000000e+03 8.968000000000000416e-01 1.000000000000000056e-01
4.485000000000000000e+03 8.970000000000000195e-01 1.000000000000000056e-01
4.486000000000000000e+03 8.971999999999999975e-01 1.000000000000000056e-01
4.487000000000000000e+03 8.974000000000000865e-01 1.000000000000000056e-01
4.488000000000000000e+03 8.976000000000000645e-01 1.000000000000000056e-01
4.489000000000000000e+03 8.978000000000000425e-01 1.000000000000000056e-01
4.490000000000000000e+03 8.980000000000000204e-01 1.000000000000000056e-01
4.491000000000000000e+03 8.981999999999999984e-01 1.000000000000000056e-01
4.492000000000000000e+03 8.984000000000000874e-01 1.000000000000000056e-01
4.493000000000000000e+03 8.986000000000000654e-01 1.000000000000000056e-01
4.494000000000000000e+03 8.988000000000000433e-01 1.000000000000000056e-01
4.495000000000000000e+03 8.990000000000000213e-01 1.000000000000000056e-01
4.496000000000000000e+03 8.991999999999999993e-01 1.000000000000000056e-01
4.497000000000000000e+03 8.994000000000000883e-01 1.000000000000000056e-01
4.498000000000000000e+03 8.996000000000000663e-01 1.000000000000000056e-01
4.499000000000000000e+03 8.998000000000000442e-01 1.000000000000000056e-01
4.500000000000000000e+03 9.000000000000000222e-01 1.000000000000000056e-01
4.501000000000000000e+03 9.002000000000000002e-01 1.000000000000000056e-01
4.502000000000000000e+03 9.004000000000000892e-01 1.000000000000000056e-01
4.503000000000000000e+03 9.006000000000000671e-01 1.000000000000000056e-01
4.504000000000000000e+03 9.008000000000000451e-01 1.000000000000000056e-01
4.505000000000000000e+03 9.010000000000000231e-01 1.000000000000000056e-01
4.506000000000000000e+03 9.012000000000000011e-01 1.000000000000000056e-01
4.507000000000000000e+03 9.014000000000000901e-01 1.000000000000000056e-01
4.508000000000000000e+03 9.016000000000000680e-01 1.000000000000000056e-01
4.509000000000000000e+03 9.018000000000000460e-01 1.000000000000000056e-01
4.510000000000000000e+03 9.020000000000000240e-01 1.000000000000000056e-01
4.511000000000000000e+03 9.022000000000000020e-01 1.000000000000000056e-01
4.512000000000000000e+03 9.024000000000000909e-01 1.000000000000000056e-01
4.513000000000000000e+03 9.026000000000000689e-01 1.000000000000000056e-01
4.514000000000000000e+03 9.028000000000000469e-01 1.000000000000000056e-01
4.515000000000000000e+03 9.030000000000000249e-01 1.000000000000000056e-01
4.516000000000000000e+03 9.032000000000000028e-01 1.000000000000000056e-01
4.517000000000000000e+03 9.034000000000000918e-01 1.000000000000000056e-01
4.518000000000000000e+03 9.036000000000000698e-01 1.000000000000000056e-01
4.519000000000000000e+03 9.038000000000000478e-01 1.000000000000000056e-01
4.520000000000000000e+03 9.040000000000000258e-01 1.000000000000000056e-01
4.521000000000000000e+03 9.042000000000000037e-01 1.000000000000000056e-01
4.522000000000000000e+03 9.044000000000000927e-01 1.000000000000000056e-01
4.523000000000000000e+03 9.046000000000000707e-01 1.000000000000000056e-01
4.524000000000000000e+03 9.048000000000000487e-01 1.000000000000000056e-01
4.525000000000000000e+03 9.050000000000000266e-01 1.000000000000000056e-01
4.526000000000000000e+03 9.052000000000000046e-01 1.000000000000000056e-01
4.527000000000000000e+03 9.054000000000000936e-01 1.000000000000000056e-01
4.528000000000000000e+03 9.056000000000000716e-01 1.000000000000000056e-01
4.529000000000000000e+03 9.058000000000000496e-01 1.000000000000000056e-01
4.530000000000000000e+03 9.060000000000000275e-01 1.000000000000000056e-01
4.531000000000000000e+03 9.062000000000000055e-01 1.000000000000000056e-01
4.532000000000000000e+03 9.064000000000000945e-01 1.000000000000000056e-01
4.533000000000000000e+03 9.066000000000000725e-01 1.000000000000000056e-01
4.534000000000000000e+03 9.068000000000000504e-01 1.000000000000000056e-01
4.535000000000000000e+03 9.070000000000000284e-01 1.000000000000000056e-01
4.536000000000000000e+03 9.072000000000000064e-01 1.000000000000000056e-01
4.537000000000000000e+03 9.074000000000000954e-01 1.000000000000000056e-01
4.538000000000000000e+03 9.076000000000000734e-01 1.000000000000000056e-01
4.539000000000000000e+03 9.078000000000000513e-01 1.000000000000000056e-01
4.540000000000000000e+03 9.080000000000000293e-01 1.000000000000000056e-01
4.541000000000000000e+03 9.082000000000000073e-01 1.000000000000000056e-01
4.542000000000000000e+03 9.084000000000000963e-01 1.000000000000000056e-01
4.543000000000000000e+03 9.086000000000000743e-01 1.000000000000000056e-01
4.544000000000000000e+03 9.088000000000000522e-01 1.000000000000000056e-01
4.545000000000000000e+03 9.090000000000000302e-01 1.000000000000000056e-01
4.546000000000000000e+03 9.092000000000000082e-01 1.000000000000000056e-01
4.547000000000000000e+03 9.094000000000000972e-01 1.000000000000000056e-01
4.548000000000000000e+03 9.096000000000000751e-01 1.000000000000000056e-01
4.549000000000000000e+03 9.098000000000000531e-01 1.000000000000000056e-01
4.550000000000000000e+03 9.100000000000000311e-01 1.000000000000000056e-01
4.551000000000000000e+03 9.102000000000000091e-01 1.000000000000000056e-01
4.552000000000000000e+03 9.104000000000000981e-01 1.000000000000000056e-01
4.553000000000000000e+03 9.106000000000000760e-01 1.000000000000000056e-01
4.554000000000000000e+03 9.108000000000000540e-01 1.000000000000000056e-01
4.555000000000000000e+03 9.110000000000000320e-01 1.000000000000000056e-01
4.556000000000000000e+03 9.112000000000000099e-01 1.000000000000000056e-01
4.557000000000000000e+03 9.114000000000000989e-01 1.000000000000000056e-01
4.558000000000000000e+03 9.116000000000000769e-01 1.000000000000000056e-01
4.559000000000000000e+03 9.118000000000000549e-01 1.000000000000000056e-01
4.560000000000000000e+03 9.120000000000000329e-01 1.000000000000000056e-01
4.561000000000000000e+03 9.122000000000000108e-01 1.000000000000000056e-01
4.562000000000000000e+03 9.123999999999999888e-01 1.000000000000000056e-01
4.563000000000000000e+03 9.126000000000000778e-01 1.000000000000000056e-01
4.564000000000000000e+03 9.128000000000000558e-01 1.000000000000000056e-01
4.565000000000000000e+03 9.130000000000000338e-01 1.000000000000000056e-01
4.566000000000000000e+03 9.132000000000000117e-01 1.000000000000000056e-01
4.567000000000000000e+03 9.133999999999999897e-01 1.000000000000000056e-01
4.568000000000000000e+03 9.136000000000000787e-01 1.000000000000000056e-01
4.569000000000000000e+03 9.138000000000000567e-01 1.000000000000000056e-01
4.570000000000000000e+03 9.140000000000000346e-01 1.000000000000000056e-01
4.571000000000000000e+03 9.142000000000000126e-01 1.000000000000000056e-01
4.572000000000000000e+03 9.143999999999999906e-01 1.000000000000000056e-01
4.573000000000000000e+03 9.146000000000000796e-01 1.000000000000000056e-01
4.574000000000000000e+03 9.148000000000000576e-01 1.000000000000000056e-01
4.575000000000000000e+03 9.150000000000000355e-01 1.000000000000000056e-01
4.576000000000000000e+03 9.152000000000000135e-01 1.000000000000000056e-01
4.577000000000000000e+03 9.153999999999999915e-01 1.000000000000000056e-01
4.578000000000000000e+03 9.156000000000000805e-01 1.000000000000000056e-01
4.579000000000000000e+03 9.158000000000000584e-01 1.000000000000000056e-01
4.580000000000000000e+03 9.160000000000000364e-01 1.000000000000000056e-01
4.581000000000000000e+03 9.162000000000000144e-01 1.000000000000000056e-01
4.582000000000000000e+03 9.163999999999999924e-01 1.000000000000000056e-01
4.583000000000000000e+03 9.166000000000000814e-01 1.000000000000000056e-01
4.584000000000000000e+03 9.168000000000000593e-01 1.000000000000000056e-01
4.585000000000000000e+03 9.170000000000000373e-01 1.000000000000000056e-01
4.586000000000000000e+03 9.172000000000000153e-01 1.000000000000000056e-01
4.587000000000000000e+03 9.173999999999999932e-01 1.000000000000000056e-01
4.588000000000000000e+03 9.176000000000000822e-01 1.000000000000000056e-01
4.589000000000000000e+03 9.178000000000000602e-01 1.000000000000000056e-01
4.590000000000000000e+03 9.180000000000000382e-01 1.000000000000000056e-01
4.591000000000000000e+03 9.182000000000000162e-01 1.000000000000000056e-01
4.592000000000000000e+03 9.183999999999999941e-01 1.000000000000000056e-01
4.593000000000000000e+03 9.186000000000000831e-01 1.000000000000000056e-01
4.594000000000000000e+03 9.188000000000000611e-01 1.000000000000000056e-01
4.595000000000000000e+03 9.190000000000000391e-01 1.000000000000000056e-01
4.596000000000000000e+03 9.192000000000000171e-01 1.000000000000000056e-01
4.597000000000000000e+03 9.193999999999999950e-01 1.000000000000000056e-01
4.598000000000000000e+03 9.196000000000000840e-01 1.000000000000000056e-01
4.599000000000000000e+03 9.198000000000000620e-01 1.000000000000000056e-01
4.600000000000000000e+03 9.200000000000000400e-01 1.000000000000000056e-01
4.601000000000000000e+03 9.202000000000000179e-01 1.000000000000000056e-01
4.602000000000000000e+03 9.203999999999999959e-01 1.000000000000000056e-01
4.603000000000000000e+03 9.206000000000000849e-01 1.000000000000000056e-01
4.604000000000000000e+03 9.208000000000000629e-01 1.000000000000000056e-01
4.605000000000000000e+03 9.210000000000000409e-01 1.000000000000000056e-01
4.606000000000000000e+03 9.212000000000000188e-01 1.000000000000000056e-01
4.607000000000000000e+03 9.213999999999999968e-01 1.000000000000000056e-01
4.608000000000000000e+03 9.216000000000000858e-01 1.000000000000000056e-01
4.609000000000000000e+03 9.218000000000000638e-01 1.000000000000000056e-01
4.610000000000000000e+03 9.220000000000000417e-01 1.000000000000000056e-01
4.611000000000000000e+03 9.222000000000000197e-01 1.000000000000000056e-01
4.612000000000000000e+03 9.223999999999999977e-01 1.000000000000000056e-01
4.613000000000000000e+03 9.226000000000000867e-01 1.000000000000000056e-01
4.614000000000000000e+03 9.228000000000000647e-01 1.000000000000000056e-01
4.615000000000000000e+03 9.230000000000000426e-01 1.000000000000000056e-01
4.616000000000000000e+03 9.232000000000000206e-01 1.000000000000000056e-01
4.617000000000000000e+03 9.233999999999999986e-01 1.000000000000000056e-01
4.618000000000000000e+03 9.236000000000000876e-01 1.000000000000000056e-01
4.619000000000000000e+03 9.238000000000000655e-01 1.000000000000000056e-01
4.620000000000000000e+03 9.240000000000000435e-01 1.000000000000000056e-01
4.621000000000000000e+03 9.242000000000000215e-01 1.000000000000000056e-01
4.622000000000000000e+03 9.243999999999999995e-01 1.000000000000000056e-01
4.623000000000000000e+03 9.246000000000000885e-01 1.000000000000000056e-01
4.624000000000000000e+03 9.248000000000000664e-01 1.000000000000000056e-01
4.625000000000000000e+03 9.250000000000000444e-01 1.000000000000000056e-01
4.626000000000000000e+03 9.252000000000000224e-01 1.000000000000000056e-01
4.627000000000000000e+03 9.254000000000000004e-01 1.000000000000000056e-01
4.628000000000000000e+03 9.256000000000000894e-01 1.000000000000000056e-01
4.629000000000000000e+03 9.258000000000000673e-01 1.000000000000000056e-01
4.630000000000000000e+03 9.260000000000000453e-01 1.000000000000000056e-01
4.631000000000000000e+03 9.262000000000000233e-01 1.000000000000000056e-01
4.632000000000000000e+03 9.264000000000000012e-01 1.000000000000000056e-01
4.633000000000000000e+03 9.266000000000000902e-01 1.000000000000000056e-01
4.634000000000000000e+03 9.268000000000000682e-01 1.000000000000000056e-01
4.635000000000000000e+03 9.270000000000000462e-01 1.000000000000000056e-01
4.636000000000000000e+03 9.272000000000000242e-01 1.000000000000000056e-01
4.637000000000000000e+03 9.274000000000000021e-01 1.000000000000000056e-01
4.638000000000000000e+03 9.276000000000000911e-01 1.000000000000000056e-01
4.639000000000000000e+03 9.278000000000000691e-01 1.000000000000000056e-01
4.640000000000000000e+03 9.280000000000000471e-01 1.000000000000000056e-01
4.641000000000000000e+03 9.282000000000000250e-01 1.000000000000000056e-01
4.642000000000000000e+03 9.284000000000000030e-01 1.000000000000000056e-01
4.643000000000000000e+03 9.286000000000000920e-01 1.000000000000000056e-01
4.644000000000000000e+03 9.288000000000000700e-01 1.000000000000000056e-01
4.645000000000000000e+03 9.290000000000000480e-01 1.000000000000000056e-01
4.646000000000000000e+03 9.292000000000000259e-01 1.000000000000000056e-01
4.647000000000000000e+03 9.294000000000000039e-01 1.000000000000000056e-01
4.648000000000000000e+03 9.296000000000000929e-01 1.000000000000000056e-01
4.649000000000000000e+03 9.298000000000000709e-01 1.000000000000000056e-01
4.650000000000000000e+03 9.300000000000000488e-01 1.000000000000000056e-01
4.651000000000000000e+03 9.302000000000000268e-01 1.000000000000000056e-01
4.652000000000000000e+03 9.304000000000000048e-01 1.000000000000000056e-01
4.653000000000000000e+03 9.306000000000000938e-01 1.000000000000000056e-01
4.654000000000000000e+03 9.308000000000000718e-01 1.000000000000000056e-01
4.655000000000000000e+03 9.310000000000000497e-01 1.000000000000000056e-01
4.656000000000000000e+03 9.312000000000000277e-01 1.000000000000000056e-01
4.657000000000000000e+03 9.314000000000000057e-01 1.000000000000000056e-01
4.658000000000000000e+03 9.316000000000000947e-01 1.000000000000000056e-01
4.659000000000000000e+03 9.318000000000000727e-01 1.000000000000000056e-01
4.660000000000000000e+03 9.320000000000000506e-01 1.000000000000000056e-01
4.661000000000000000e+03 9.322000000000000286e-01 1.000000000000000056e-01
4.662000000000000000e+03 9.324000000000000066e-01 1.000000000000000056e-01
4.663000000000000000e+03 9.326000000000000956e-01 1.000000000000000056e-01
4.664000000000000000e+03 9.328000000000000735e-01 1.000000000000000056e-01
4.665000000000000000e+03 9.330000000000000515e-01 1.000000000000000056e-01
4.666000000000000000e+03 9.332000000000000295e-01 1.000000000000000056e-01
4.667000000000000000e+03 9.334000000000000075e-01 1.000000000000000056e-01
4.668000000000000000e+03 9.336000000000000965e-01 1.000000000000000056e-01
4.669000000000000000e+03 9.338000000000000744e-01 1.000000000000000056e-01
4.670000000000000000e+03 9.340000000000000524e-01 1.000000000000000056e-01
4.671000000000000000e+03 9.342000000000000304e-01 1.000000000000000056e-01
4.672000000000000000e+03 9.344000000000000083e-01 1.000000000000000056e-01
4.673000000000000000e+03 9.346000000000000973e-01 1.000000000000000056e-01
4.674000000000000000e+03 9.348000000000000753e-01 1.000000000000000056e-01
4.675000000000000000e+03 9.350000000000000533e-01 1.000000000000000056e-01
4.676000000000000000e+03 9.352000000000000313e-01 1.000000000000000056e-01
4.677000000000000000e+03 9.354000000000000092e-01 1.000000000000000056e-01
4.678000000000000000e+03 9.356000000000000982e-01 1.000000000000000056e-01
4.679000000000000000e+03 9.358000000000000762e-01 1.000000000000000056e-01
4.680000000000000000e+03 9.360000000000000542e-01 1.000000000000000056e-01
4.681000000000000000e+03 9.362000000000000322e-01 1.000000000000000056e-01
4.682000000000000000e+03 9.364000000000000101e-01 1.000000000000000056e-01
4.683000000000000000e+03 9.366000000000000991e-01 1.000000000000000056e-01
4.684000000000000000e+03 9.368000000000000771e-01 1.000000000000000056e-01
4.685000000000000000e+03 9.370000000000000551e-01 1.000000000000000056e-01
4.686000000000000000e+03 9.372000000000000330e-01 1.000000000000000056e-01
4.687000000000000000e+03 9.374000000000000110e-01 1.000000000000000056e-01
4.688000000000000000e+03 9.376000000000001000e-01 1.000000000000000056e-01
4.689000000000000000e+03 9.378000000000000780e-01 1.000000000000000056e-01
4.690000000000000000e+03 9.380000000000000560e-01 1.000000000000000056e-01
4.691000000000000000e+03 9.382000000000000339e-01 1.000000000000000056e-01
4.692000000000000000e+03 9.384000000000000119e-01 1.000000000000000056e-01
4.693000000000000000e+03 9.385999999999999899e-01 1.000000000000000056e-01
4.694000000000000000e+03 9.388000000000000789e-01 1.000000000000000056e-01
4.695000000000000000e+03 9.390000000000000568e-01 1.000000000000000056e-01
4.696000000000000000e+03 9.392000000000000348e-01 1.000000000000000056e-01
4.697000000000000000e+03 9.394000000000000128e-01 1.000000000000000056e-01
4.698000000000000000e+03 9.395999999999999908e-01 1.000000000000000056e-01
4.699000000000000000e+03 9.398000000000000798e-01 1.000000000000000056e-01
4.700000000000000000e+03 9.752875893175808608e-01 1.000000000000000056e-01
4.701000000000000000e+03 1.006028473585334426e+00 1.000000000000000056e-01
4.702000000000000000e+03 1.046871597148102184e+00 1.000000000000000056e-01
4.703000000000000000e+03 1.028117720779092137e+00 1.000000000000000056e-01
4.704000000000000000e+03 1.041276523220916461e+00 1.000000000000000056e-01
4.705000000000000000e+03 1.051379854355684262e+00 1.000000000000000056e-01
4.706000000000000000e+03 1.039238028323330232e+00 1.000000000000000056e-01
4.707000000000000000e+03 1.026671243416187762e+00 1.000000000000000056e-01
4.708000000000000000e+03 1.055848197840162372e+00 1.000000000000000056e-01
4.709000000000000000e+03 1.021722247580945320e+00 1.000000000000000056e-01
4.710000000000000000e+03 1.028240397353324731e+00 1.000000000000000056e-01
4.711000000000000000e+03 1.087267083835516734e+00 1.000000000000000056e-01
4.712000000000000000e+03 1.084848339439054232e+00 1.000000000000000056e-01
4.713000000000000000e+03 1.064573988222741630e+00 1.000000000000000056e-01
4.714000000000000000e+03 1.052096081105114544e+00 1.000000000000000056e-01
4.715000000000000000e+03 1.083783182622861219e+00 1.000000000000000056e-01
4.716000000000000000e+03 1.083307275961169047e+00 1.000000000000000056e-01
4.717000000000000000e+03 1.094681437950809855e+00 1.000000000000000056e-01
4.718000000000000000e+03 1.130725284553363963e+00 1.000000000000000056e-01
4.719000000000000000e+03 1.077509512427990757e+00 1.000000000000000056e-01
4.720000000000000000e+03 1.124821290668740703e+00 1.000000000000000056e-01
4.721000000000000000e+03 1.067760999393586596e+00 1.000000000000000056e-01
4.722000000000000000e+03 1.074241920502562175e+00 1.000000000000000056e-01
4.723000000000000000e+03 1.143403284080973137e+00 1.000000000000000056e-01
4.724000000000000000e+03 1.115110652098860511e+00 1.000000000000000056e-01
4.725000000000000000e+03 1.132977836494194479e+00 1.000000000000000056e-01
4.726000000000000000e+03 1.118109481407440597e+00 1.000000000000000056e-01
4.727000000000000000e+03 1.111050934255017664e+00 1.000000000000000056e-01
4.728000000000000000e+03 1.078428258988763488e+00 1.000000000000000056e-01
4.729000000000000000e+03 1.105355799712674392e+00 1.000000000000000056e-01
4.730000000000000000e+03 1.158794882981851293e+00 1.000000000000000056e-01
4.731000000000000000e+03 1.195272579512455913e+00 1.000000000000000056e-01
4.732000000000000000e+03 1.150604678413502890e+00 1.000000000000000056e-01
4.733000000000000000e+03 1.171320601236276238e+00 1.000000000000000056e-01
4.734000000000000000e+03 1.167419372827864565e+00 1.000000000000000056e-01
4.735000000000000000e+03 1.136354870129641093e+00 1.000000000000000056e-01
4.736000000000000000e+03 1.145329997897395424e+00 1.000000000000000056e-01
4.737000000000000000e+03 1.177526352413552857e+00 1.000000000000000056e-01
4.738000000000000000e+03 1.118076060114161052e+00 1.000000000000000056e-01
4.739000000000000000e+03 1.192450247926652995e+00 1.000000000000000056e-01
4.740000000000000000e+03 1.174125927373449230e+00 1.000000000000000056e-01
4.741000000000000000e+03 1.216999773969148269e+00 1.000000000000000056e-01
4.742000000000000000e+03 1.244064450919679876e+00 1.000000000000000056e-01
4.743000000000000000e+03 1.200035814943141155e+00 1.000000000000000056e-01
4.744000000000000000e+03 1.179652861185992663e+00 1.000000000000000056e-01
4.745000000000000000e+03 1.214377867548552592e+00 1.000000000000000056e-01
4.746000000000000000e+03 1.220683689675527983e+00 1.000000000000000056e-01
4.747000000000000000e+03 1.161707045538259431e+00 1.000000000000000056e-01
4.748000000000000000e+03 1.188509017024359959e+00 1.000000000000000056e-01
4.749000000000000000e+03 1.250071173444745387e+00 1.000000000000000056e-01
4.750000000000000000e+03 1.198014155179240259e+00 1.000000000000000056e-01
4.751000000000000000e+03 1.232890387325527470e+00 1.000000000000000056e-01
4.752000000000000000e+03 1.225259773593150081e+00 1.000000000000000056e-01
4.753000000000000000e+03 1.245008948187629860e+00 1.000000000000000056e-01
4.754000000000000000e+03 1.313963473504641710e+00 1.000000000000000056e-01
4.755000000000000000e+03 1.257328274352133901e+00 1.000000000000000056e-01
4.756000000000000000e+03 1.264812657003791863e+00 1.000000000000000056e-01
4.757000000000000000e+03 1.295180519937648711e+00 1.000000000000000056e-01
4.758000000000000000e+03 1.283179397460822990e+00 1.000000000000000056e-01
4.759000000000000000e+03 1.271132966104268736e+00 1.000000000000000056e-01
4.760000000000000000e+03 1.263599112822070714e+00 1.000000000000000056e-01
4.761000000000000000e+03 1.295382282811762042e+00 1.000000000000000056e-01
4.762000000000000000e+03 1.293031813329478030e+00 1.000000000000000056e-01
4.763000000000000000e+03 1.354925835894778885e+00 1.000000000000000056e-01
4.764000000000000000e+03 1.332048193177837181e+00 1.000000000000000056e-01
4.765000000000000000e+03 1.282209100987892647e+00 1.000000000000000056e-01
4.766000000000000000e+03 1.332217642717494321e+00 1.000000000000000056e-01
4.767000000000000000e+03 1.352535404819248166e+00 1.000000000000000056e-01
4.768000000000000000e+03 1.353084575019055213e+00 1.000000000000000056e-01
4.769000000000000000e+03 1.331126386693422869e+00 1.000000000000000056e-01
4.770000000000000000e+03 1.391231397330492392e+00 1.000000000000000056e-01
4.771000000000000000e+03 1.379743846407468277e+00 1.000000000000000056e-01
4.772000000000000000e+03 1.397669221205351864e+00 1.000000000000000056e-01
4.773000000000000000e+03 1.435347789688958375e+00 1.000000000000000056e-01
4.774000000000000000e+03 1.432353596080262914e+00 1.000000000000000056e-01
4.775000000000000000e+03 1.407196645638801424e+00 1.000000000000000056e-01
4.776000000000000000e+03 1.426692526944686179e+00 1.000000000000000056e-01
4.777000000000000000e+03 1.385780587248780948e+00 1.000000000000000056e-01
4.778000000000000000e+03 1.495958911641988021e+00 1.000000000000000056e-01
4.779000000000000000e+03 1.440521559519363448e+00 1.000000000000000056e-01
4.780000000000000000e+03 1.443316105214484946e+00 1.000000000000000056e-01
4.781000000000000000e+03 1.414826304420427228e+00 1.000000000000000056e-01
4.782000000000000000e+03 1.500671542033555239e+00 1.000000000000000056e-01
4.783000000000000000e+03 1.466029861487821329e+00 1.000000000000000056e-01
4.784000000000000000e+03 1.508512621426287170e+00 1.000000000000000056e-01
4.785000000000000000e+03 1.550463079635492569e+00 1.000000000000000056e-01
4.786000000000000000e+03 1.521057965010407464e+00 1.000000000000000056e-01
4.787000000000000000e+03 1.597556430112207160e+00 1.000000000000000056e-01
4.788000000000000000e+03 1.569964585090816822e+00 1.000000000000000056e-01
4.789000000000000000e+03 1.648079882247045269e+00 1.000000000000000056e-01
4.790000000000000000e+03 1.675873858656986348e+00 1.000000000000000056e-01
4.791000000000000000e+03 1.600376550123895125e+00 1.000000000000000056e-01
4.792000000000000000e+03 1.673277472374984587e+00 1.000000000000000056e-01
4.793000000000000000e+03 1.687853808227972596e+00 1.000000000000000056e-01
4.794000000000000000e+03 1.738119970112422585e+00 1.000000000000000056e-01
4.795000000000000000e+03 1.675778023277450401e+00 1.000000000000000056e-01
4.796000000000000000e+03 1.720699895841925953e+00 1.000000000000000056e-01
4.797000000000000000e+03 1.691891875768384512e+00 1.000000000000000056e-01
4.798000000000000000e+03 1.792306993261105541e+00 1.000000000000000056e-01
4.799000000000000000e+03 1.767310044713830131e+00 1.000000000000000056e-01
4.800000000000000000e+03 1.859726509955738294e+00 1.000000000000000056e-01
4.801000000000000000e+03 1.905256988850393185e+00 1.000000000000000056e-01
4.802000000000000000e+03 1.922804510142925416e+00 1.000000000000000056e-01
4.803000000000000000e+03 1.873995797091766224e+00 1.000000000000000056e-01
4.804000000000000000e+03 1.863488085814239081e+00 1.000000000000000056e-01
4.805000000000000000e+03 1.799979273097847887e+00 1.000000000000000056e-01
4.806000000000000000e+03 1.884959317675659385e+00 1.000000000000000056e-01
4.807000000000000000e+03 1.858880979043002979e+00 1.000000000000000056e-01
4.808000000000000000e+03 1.905557194582010450e+00 1.000000000000000056e-01
4.809000000000000000e+03 1.961800000000000210e+00 1.000000000000000056e-01
4.810000000000000000e+03 2.097317358219132455e+00 1.000000000000000056e-01
4.811000000000000000e+03 2.026894367274182152e+00 1.000000000000000056e-01
4.812000000000000000e+03 2.044104222140320282e+00 1.000000000000000056e-01
4.813000000000000000e+03 2.106202426557386431e+00 1.000000000000000056e-01
4.814000000000000000e+03 2.171590593435972938e+00 1.000000000000000056e-01
4.815000000000000000e+03 2.129560118749296294e+00 1.000000000000000056e-01
4.816000000000000000e+03 2.196322660548049033e+00 1.000000000000000056e-01
4.817000000000000000e+03 2.282073278698290686e+00 1.000000000000000056e-01
4.818000000000000000e+03 2.364434899138503354e+00 1.000000000000000056e-01
4.819000000000000000e+03 2.355293387948149242e+00 1.000000000000000056e-01
4.820000000000000000e+03 2.400281926137795452e+00 1.000000000000000056e-01
4.821000000000000000e+03 2.400175678794979728e+00 1.000000000000000056e-01
4.822000000000000000e+03 2.419567032792708350e+00 1.000000000000000056e-01
4.823000000000000000e+03 2.409854990249692186e+00 1.000000000000000056e-01
4.824000000000000000e+03 2.501032793913569030e+00 1.000000000000000056e-01
4.825000000000000000e+03 2.559163745637166087e+00 1.000000000000000056e-01
4.826000000000000000e+03 2.639609837506597945e+00 1.000000000000000056e-01
4.827000000000000000e+03 2.636675169816311559e+00 1.000000000000000056e-01
4.828000000000000000e+03 2.771821672929810187e+00 1.000000000000000056e-01
4.829000000000000000e+03 2.780784041016689301e+00 1.000000000000000056e-01
4.830000000000000000e+03 2.775808720516145911e+00 1.000000000000000056e-01
4.831000000000000000e+03 2.722723409365154446e+00 1.000000000000000056e-01
4.832000000000000000e+03 2.834183137712968925e+00 1.000000000000000056e-01
4.833000000000000000e+03 2.851377990323421319e+00 1.000000000000000056e-01
4.834000000000000000e+03 2.916674829647258438e+00 1.000000000000000056e-01
4.835000000000000000e+03 2.957050875226644671e+00 1.000000000000000056e-01
4.836000000000000000e+03 3.030980810796063185e+00 1.000000000000000056e-01
4.837000000000000000e+03 3.136757540143993772e+00 1.000000000000000056e-01
4.838000000000000000e+03 3.229113384693939715e+00 1.000000000000000056e-01
4.839000000000000000e+03 3.204399641284939371e+00 1.000000000000000056e-01
4.840000000000000000e+03 3.312624022347866237e+00 1.000000000000000056e-01
4.841000000000000000e+03 3.406009159640847272e+00 1.000000000000000056e-01
4.842000000000000000e+03 3.372726880926403048e+00 1.000000000000000056e-01
4.843000000000000000e+03 3.359295546915068265e+00 1.000000000000000056e-01
4.844000000000000000e+03 3.559346233713946095e+00 1.000000000000000056e-01
4.845000000000000000e+03 3.600538953688503518e+00 1.000000000000000056e-01
4.846000000000000000e+03 3.724395772770593638e+00 1.000000000000000056e-01
4.847000000000000000e+03 3.558530584805109420e+00 1.000000000000000056e-01
4.848000000000000000e+03 3.691363124098861803e+00 1.000000000000000056e-01
4.849000000000000000e+03 3.901707872183919790e+00 1.000000000000000056e-01
4.850000000000000000e+03 3.913977461175781603e+00 1.000000000000000056e-01
4.851000000000000000e+03 4.060004925936482323e+00 1.000000000000000056e-01
4.852000000000000000e+03 4.044146074630868171e+00 1.000000000000000056e-01
4.853000000000000000e+03 4.082083016828076616e+00 1.000000000000000056e-01
4.854000000000000000e+03 4.313724826927747280e+00 1.000000000000000056e-01
4.855000000000000000e+03 4.363013048058581589e+00 1.000000000000000056e-01
4.856000000000000000e+03 4.360812136277160356e+00 1.000000000000000056e-01
4.857000000000000000e+03 4.489004906098950087e+00 1.000000000000000056e-01
4.858000000000000000e+03 4.642451419275744229e+00 1.000000000000000056e-01
4.859000000000000000e+03 4.687001495509633742e+00 1.000000000000000056e-01
4.860000000000000000e+03 4.648131395217526496e+00 1.000000000000000056e-01
4.861000000000000000e+03 4.824973494550672370e+00 1.000000000000000056e-01
4.862000000000000000e+03 4.856100316631627223e+00 1.000000000000000056e-01
4.863000000000000000e+03 5.010184509664973085e+00 1.000000000000000056e-01
4.864000000000000000e+03 4.859785703398316059e+00 1.000000000000000056e-01
4.865000000000000000e+03 4.848856556136126095e+00 1.000000000000000056e-01
4.866000000000000000e+03 4.762906081690773341e+00 1.000000000000000056e-01
4.867000000000000000e+03 4.529593727983224127e+00 1.000000000000000056e-01
4.868000000000000000e+03 4.550225779177418772e+00 1.000000000000000056e-01
4.869000000000000000e+03 4.419556651400010416e+00 1.000000000000000056e-01
4.870000000000000000e+03 4.444225852623217676e+00 1.000000000000000056e-01
4.871000000000000000e+03 4.354131428691426997e+00 1.000000000000000056e-01
4.872000000000000000e+03 4.230401848902578088e+00 1.000000000000000056e-01
4.873000000000000000e+03 4.282667683198797981e+00 1.000000000000000056e-01
4.874000000000000000e+03 4.251243932564964467e+00 1.000000000000000056e-01
4.875000000000000000e+03 4.276679424936057572e+00 1.000000000000000056e-01
4.876000000000000000e+03 4.016242532124129738e+00 1.000000000000000056e-01
4.877000000000000000e+03 4.025203245040742672e+00 1.000000000000000056e-01
4.878000000000000000e+03 4.055389002608754900e+00 1.000000000000000056e-01
4.879000000000000000e+03 3.966020451521003132e+00 1.000000000000000056e-01
4.880000000000000000e+03 3.749242480414184175e+00 1.000000000000000056e-01
4.881000000000000000e+03 3.635120201068308798e+00 1.000000000000000056e-01
4.882000000000000000e+03 3.655861146151891283e+00 1.000000000000000056e-01
4.883000000000000000e+03 3.702673688776005889e+00 1.000000000000000056e-01
4.884000000000000000e+03 3.730301883029865984e+00 1.000000000000000056e-01
4.885000000000000000e+03 3.530843122065719264e+00 1.000000000000000056e-01
4.886000000000000000e+03 3.541190663104101688e+00 1.000000000000000056e-01
4.887000000000000000e+03 3.504812163085611942e+00 1.000000000000000056e-01
4.888000000000000000e+03 3.400644152630226458e+00 1.000000000000000056e-01
4.889000000000000000e+03 3.343252571184069488e+00 1.000000000000000056e-01
4.890000000000000000e+03 3.240732886721600980e+00 1.000000000000000056e-01
4.891000000000000000e+03 3.266971410287959010e+00 1.000000000000000056e-01
4.892000000000000000e+03 3.242756304022723857e+00 1.000000000000000056e-01
4.893000000000000000e+03 3.161300253471308164e+00 1.000000000000000056e-01
4.894000000000000000e+03 3.082905024285327755e+00 1.000000000000000056e-01
4.895000000000000000e+03 3.042157583998405634e+00 1.000000000000000056e-01
4.896000000000000000e+03 3.057744371987039411e+00 1.000000000000000056e-01
4.897000000000000000e+03 3.022852301591453905e+00 1.000000000000000056e-01
4.898000000000000000e+03 2.997577011378372625e+00 1.000000000000000056e-01
4.899000000000000000e+03 2.840920187201190217e+00 1.000000000000000056e-01
4.900000000000000000e+03 2.886531554757166607e+00 1.000000000000000056e-01
4.901000000000000000e+03 2.813134821508615602e+00 1.000000000000000056e-01
4.902000000000000000e+03 2.805288450371347331e+00 1.000000000000000056e-01
4.903000000000000000e+03 2.775607101402235877e+00 1.000000000000000056e-01
4.904000000000000000e+03 2.798071434080930064e+00 1.000000000000000056e-01
4.905000000000000000e+03 2.729429143377585909e+00 1.000000000000000056e-01
4.906000000000000000e+03 2.655859213515988415e+00 1.000000000000000056e-01
4.907000000000000000e+03 2.615694454320073525e+00 1.000000000000000056e-01
4.908000000000000000e+03 2.596168202762846988e+00 1.000000000000000056e-01
4.909000000000000000e+03 2.541083109541579788e+00 1.000000000000000056e-01
4.910000000000000000e+03 2.504530027153158311e+00 1.000000000000000056e-01
4.911000000000000000e+03 2.465850669367513515e+00 1.000000000000000056e-01
4.912000000000000000e+03 2.342534279572026090e+00 1.000000000000000056e-01
4.913000000000000000e+03 2.436570211391001717e+00 1.000000000000000056e-01
4.914000000000000000e+03 2.404740116372262371e+00 1.000000000000000056e-01
4.915000000000000000e+03 2.324248943595331962e+00 1.000000000000000056e-01
4.916000000000000000e+03 2.286184504619997337e+00 1.000000000000000056e-01
4.917000000000000000e+03 2.287088555635206966e+00 1.000000000000000056e-01
4.918000000000000000e+03 2.253764141885809202e+00 1.000000000000000056e-01
4.919000000000000000e+03 2.167157074095395153e+00 1.000000000000000056e-01
4.920000000000000000e+03 2.197847505594328066e+00 1.000000000000000056e-01
4.921000000000000000e+03 2.184740963274274250e+00 1.000000000000000056e-01
4.922000000000000000e+03 2.160416809765844715e+00 1.000000000000000056e-01
4.923000000000000000e+03 2.181850233373889392e+00 1.000000000000000056e-01
4.924000000000000000e+03 2.193823789667575852e+00 1.000000000000000056e-01
4.925000000000000000e+03 2.145405596466704701e+00 1.000000000000000056e-01
4.926000000000000000e+03 2.105527359505986240e+00 1.000000000000000056e-01
4.927000000000000000e+03 2.162447554272675987e+00 1.000000000000000056e-01
4.928000000000000000e+03 2.134042353611271370e+00 1.000000000000000056e-01
4.929000000000000000e+03 2.169509654239667018e+00 1.000000000000000056e-01
4.930000000000000000e+03 2.062931527525752262e+00 1.000000000000000056e-01
4.931000000000000000e+03 2.131248380450911029e+00 1.000000000000000056e-01
4.932000000000000000e+03 2.101860346088649134e+00 1.000000000000000056e-01
4.933000000000000000e+03 2.055880086990792499e+00 1.000000000000000056e-01
4.934000000000000000e+03 2.066708026234914453e+00 1.000000000000000056e-01
4.935000000000000000e+03 2.091973795056853103e+00 1.000000000000000056e-01
4.936000000000000000e+03 2.082278062624809856e+00 1.000000000000000056e-01
4.937000000000000000e+03 2.078973436377214767e+00 1.000000000000000056e-01
4.938000000000000000e+03 2.102770365227240479e+00 1.000000000000000056e-01
4.939000000000000000e+03 2.073298028273688587e+00 1.000000000000000056e-01
4.940000000000000000e+03 2.046748777113537976e+00 1.000000000000000056e-01
4.941000000000000000e+03 2.039983473333105923e+00 1.000000000000000056e-01
4.942000000000000000e+03 2.095662912594204563e+00 1.000000000000000056e-01
4.943000000000000000e+03 2.126828038905855145e+00 1.000000000000000056e-01
4.944000000000000000e+03 2.159982818208598054e+00 1.000000000000000056e-01
4.945000000000000000e+03 2.181454007776806314e+00 1.000000000000000056e-01
4.946000000000000000e+03 2.221717079009909224e+00 1.000000000000000056e-01
4.947000000000000000e+03 2.253609131264656007e+00 1.000000000000000056e-01
4.948000000000000000e+03 2.255292680397838367e+00 1.000000000000000056e-01
4.949000000000000000e+03 2.317313484722191674e+00 1.000000000000000056e-01
4.950000000000000000e+03 2.345154492336910312e+00 1.000000000000000056e-01
4.951000000000000000e+03 2.374405376322824335e+00 1.000000000000000056e-01
4.952000000000000000e+03 2.438416443630428088e+00 1.000000000000000056e-01
4.953000000000000000e+03 2.451622398226236399e+00 1.000000000000000056e-01
4.954000000000000000e+03 2.533871381874971629e+00 1.000000000000000056e-01
4.955000000000000000e+03 2.633972644674235308e+00 1.000000000000000056e-01
4.956000000000000000e+03 2.709670947962451226e+00 1.000000000000000056e-01
4.957000000000000000e+03 2.997262291306109550e+00 1.000000000000000056e-01
4.958000000000000000e+03 3.040127708892006009e+00 1.000000000000000056e-01
4.959000000000000000e+03 3.079208839658014174e+00 1.000000000000000056e-01
4.960000000000000000e+03 3.143394967469106405e+00 1.000000000000000056e-01
4.961000000000000000e+03 3.041498498221841817e+00 1.000000000000000056e-01
4.962000000000000000e+03 2.977726869595203940e+00 1.000000000000000056e-01
4.963000000000000000e+03 2.924712944561898453e+00 1.000000000000000056e-01
4.964000000000000000e+03 2.711143484496614686e+00 1.000000000000000056e-01
4.965000000000000000e+03 2.555369424576000803e+00 1.000000000000000056e-01
4.966000000000000000e+03 2.475646012875752255e+00 1.000000000000000056e-01
4.967000000000000000e+03 2.374111697683564337e+00 1.000000000000000056e-01
4.968000000000000000e+03 2.208945181954949266e+00 1.000000000000000056e-01
4.969000000000000000e+03 2.069015266070306502e+00 1.000000000000000056e-01
4.970000000000000000e+03 2.004146241582096977e+00 1.000000000000000056e-01
4.971000000000000000e+03 1.974952704336621734e+00 1.000000000000000056e-01
4.972000000000000000e+03 1.860307807156428961e+00 1.000000000000000056e-01
4.973000000000000000e+03 1.788149688185892261e+00 1.000000000000000056e-01
4.974000000000000000e+03 1.846370192813015620e+00 1.000000000000000056e-01
4.975000000000000000e+03 1.836616294050935849e+00 1.000000000000000056e-01
4.976000000000000000e+03 1.836478692234641441e+00 1.000000000000000056e-01
4.977000000000000000e+03 1.816702161498434664e+00 1.000000000000000056e-01
4.978000000000000000e+03 1.926292322184242511e+00 1.000000000000000056e-01
4.979000000000000000e+03 1.876236868049338202e+00 1.000000000000000056e-01
4.980000000000000000e+03 1.869572124448278139e+00 1.000000000000000056e-01
4.981000000000000000e+03 1.923490416527068536e+00 1.000000000000000056e-01
4.982000000000000000e+03 1.889781087904544910e+00 1.000000000000000056e-01
4.983000000000000000e+03 1.951398106887583861e+00 1.000000000000000056e-01
4.984000000000000000e+03 1.951892376136290963e+00 1.000000000000000056e-01
4.985000000000000000e+03 2.007954222921493503e+00 1.000000000000000056e-01
4.986000000000000000e+03 2.054067722249674155e+00 1.000000000000000056e-01
4.987000000000000000e+03 2.095940913783538306e+00 1.000000000000000056e-01
4.988000000000000000e+03 2.151354831365136278e+00 1.000000000000000056e-01
4.989000000000000000e+03 2.218590698880228196e+00 1.000000000000000056e-01
4.990000000000000000e+03 2.335738878167274102e+00 1.000000000000000056e-01
4.991000000000000000e+03 2.392773765556148291e+00 1.000000000000000056e-01
4.992000000000000000e+03 2.484568162765374844e+00 1.000000000000000056e-01
4.993000000000000000e+03 2.598468636772666596e+00 1.000000000000000056e-01
4.994000000000000000e+03 2.717811152961496113e+00 1.000000000000000056e-01
4.995000000000000000e+03 2.871569559564592478e+00 1.000000000000000056e-01
4.996000000000000000e+03 2.951271898489900458e+00 1.000000000000000056e-01
4.997000000000000000e+03 3.127397130787259449e+00 1.000000000000000056e-01
4.998000000000000000e+03 3.203189999242801900e+00 1.000000000000000056e-01
4.999000000000000000e+03 3.403283784704629333e+00 1.000000000000000056e-01
5.000000000000000000e+03 3.557654851167155297e+00 1.000000000000000056e-01
5.001000000000000000e+03 3.859463115725914939e+00 1.000000000000000056e-01
5.002000000000000000e+03 4.141334837717627337e+00 1.000000000000000056e-01
5.003000000000000000e+03 4.445712397226875723e+00 1.000000000000000056e-01
5.004000000000000000e+03 4.669737196790777034e+00 1.000000000000000056e-01
5.005000000000000000e+03 5.052949062863232754e+00 1.000000000000000056e-01
5.006000000000000000e+03 5.339652335359535762e+00 1.000000000000000056e-01
5.007000000000000000e+03 5.349291464136849861e+00 1.000000000000000056e-01
5.008000000000000000e+03 5.764813781745579568e+00 1.000000000000000056e-01
5.009000000000000000e+03 5.708872298028136782e+00 1.000000000000000056e-01
5.010000000000000000e+03 5.622506646583059542e+00 1.000000000000000056e-01
5.011000000000000000e+03 5.428142885592423639e+00 1.000000000000000056e-01
5.012000000000000000e+03 4.741861266241200745e+00 1.000000000000000056e-01
5.013000000000000000e+03 4.373271672660486331e+00 1.000000000000000056e-01
5.014000000000000000e+03 3.837469285635983773e+00 1.000000000000000056e-01
5.015000000000000000e+03 3.442790797317363261e+00 1.000000000000000056e-01
5.016000000000000000e+03 2.935429133380221156e+00 1.000000000000000056e-01
5.017000000000000000e+03 2.773509895905819533e+00 1.000000000000000056e-01
5.018000000000000000e+03 2.448159013220465585e+00 1.000000000000000056e-01
5.019000000000000000e+03 2.219615393836453343e+00 1.000000000000000056e-01
5.020000000000000000e+03 2.014106022821423370e+00 1.000000000000000056e-01
5.021000000000000000e+03 1.876236602103305007e+00 1.000000000000000056e-01
5.022000000000000000e+03 1.726962459084402823e+00 1.000000000000000056e-01
5.023000000000000000e+03 1.683995533970657821e+00 1.000000000000000056e-01
5.024000000000000000e+03 1.655759724074845174e+00 1.000000000000000056e-01
5.025000000000000000e+03 1.619083436950017774e+00 1.000000000000000056e-01
5.026000000000000000e+03 1.587067870496830180e+00 1.000000000000000056e-01
5.027000000000000000e+03 1.553982306106240996e+00 1.000000000000000056e-01
5.028000000000000000e+03 1.456416800044320503e+00 1.000000000000000056e-01
5.029000000000000000e+03 1.509256269244189319e+00 1.000000000000000056e-01
5.030000000000000000e+03 1.470857415300309778e+00 1.000000000000000056e-01
5.031000000000000000e+03 1.458449170027380504e+00 1.000000000000000056e-01
5.032000000000000000e+03 1.415391374200204222e+00 1.000000000000000056e-01
5.033000000000000000e+03 1.388473062788696533e+00 1.000000000000000056e-01
5.034000000000000000e+03 1.392268544675940634e+00 1.000000000000000056e-01
5.035000000000000000e+03 1.327467413049758127e+00 1.000000000000000056e-01
5.036000000000000000e+03 1.334788594997005529e+00 1.000000000000000056e-01
5.037000000000000000e+03 1.343050836565020223e+00 1.000000000000000056e-01
5.038000000000000000e+03 1.378544121037015291e+00 1.000000000000000056e-01
5.039000000000000000e+03 1.386835264024717906e+00 1.000000000000000056e-01
5.040000000000000000e+03 1.400542585487253966e+00 1.000000000000000056e-01
5.041000000000000000e+03 1.345503588177826781e+00 1.000000000000000056e-01
5.042000000000000000e+03 1.308644166966123512e+00 1.000000000000000056e-01
5.043000000000000000e+03 1.267200035326098373e+00 1.000000000000000056e-01
5.044000000000000000e+03 1.241873689918593593e+00 1.000000000000000056e-01
5.045000000000000000e+03 1.194489399992325618e+00 1.000000000000000056e-01
5.046000000000000000e+03 1.219574356924303826e+00 1.000000000000000056e-01
5.047000000000000000e+03 1.279825088104637132e+00 1.000000000000000056e-01
5.048000000000000000e+03 1.198297786828079525e+00 1.000000000000000056e-01
5.049000000000000000e+03 1.229201360498528572e+00 1.000000000000000056e-01
5.050000000000000000e+03 1.197466465603910235e+00 1.000000000000000056e-01
5.051000000000000000e+03 1.197704876150581077e+00 1.000000000000000056e-01
5.052000000000000000e+03 1.192888065467661685e+00 1.000000000000000056e-01
5.053000000000000000e+03 1.241608269517677776e+00 1.000000000000000056e-01
5.054000000000000000e+03 1.233539856373886856e+00 1.000000000000000056e-01
5.055000000000000000e+03 1.251940188878491789e+00 1.000000000000000056e-01
5.056000000000000000e+03 1.208506442793843894e+00 1.000000000000000056e-01
5.057000000000000000e+03 1.193744027308452083e+00 1.000000000000000056e-01
5.058000000000000000e+03 1.198636291185760649e+00 1.000000000000000056e-01
5.059000000000000000e+03 1.187002400465379415e+00 1.000000000000000056e-01
5.060000000000000000e+03 1.257542295328708981e+00 1.000000000000000056e-01
5.061000000000000000e+03 1.190919707490047719e+00 1.000000000000000056e-01
5.062000000000000000e+03 1.196336938089519686e+00 1.000000000000000056e-01
5.063000000000000000e+03 1.180320066168930815e+00 1.000000000000000056e-01
5.064000000000000000e+03 1.147363956156794540e+00 1.000000000000000056e-01
5.065000000000000000e+03 1.142681523188089132e+00 1.000000000000000056e-01
5.066000000000000000e+03 1.115720047740738963e+00 1.000000000000000056e-01
5.067000000000000000e+03 1.160196436428642341e+00 1.000000000000000056e-01
5.068000000000000000e+03 1.138669493654742570e+00 1.000000000000000056e-01
5.069000000000000000e+03 1.081044978553441505e+00 1.000000000000000056e-01
5.070000000000000000e+03 1.111777208155278140e+00 1.000000000000000056e-01
5.071000000000000000e+03 1.100014139407612390e+00 1.000000000000000056e-01
5.072000000000000000e+03 1.108802735586559063e+00 1.000000000000000056e-01
5.073000000000000000e+03 1.097456605636937033e+00 1.000000000000000056e-01
5.074000000000000000e+03 1.097983224679508263e+00 1.000000000000000056e-01
5.075000000000000000e+03 1.109862686572837376e+00 1.000000000000000056e-01
5.076000000000000000e+03 1.139939292593537656e+00 1.000000000000000056e-01
5.077000000000000000e+03 1.143876758661196646e+00 1.000000000000000056e-01
5.078000000000000000e+03 1.099047195119682740e+00 1.000000000000000056e-01
5.079000000000000000e+03 1.084747511101806783e+00 1.000000000000000056e-01
5.080000000000000000e+03 1.079288818233678171e+00 1.000000000000000056e-01
5.081000000000000000e+03 1.074604538284838151e+00 1.000000000000000056e-01
5.082000000000000000e+03 1.060573252068230943e+00 1.000000000000000056e-01
5.083000000000000000e+03 1.040440139817129683e+00 1.000000000000000056e-01
5.084000000000000000e+03 1.066886157463465379e+00 1.000000000000000056e-01
5.085000000000000000e+03 1.072541771988653858e+00 1.000000000000000056e-01
5.086000000000000000e+03 1.047758810540941443e+00 1.000000000000000056e-01
5.087000000000000000e+03 1.097593775369587910e+00 1.000000000000000056e-01
5.088000000000000000e+03 1.080105115833449370e+00 1.000000000000000056e-01
5.089000000000000000e+03 1.076652684541626881e+00 1.000000000000000056e-01
5.090000000000000000e+03 1.071054832609864338e+00 1.000000000000000056e-01
5.091000000000000000e+03 1.000270021896519701e+00 1.000000000000000056e-01
5.092000000000000000e+03 1.007137936370888776e+00 1.000000000000000056e-01
5.093000000000000000e+03 1.027296728152315985e+00 1.000000000000000056e-01
5.094000000000000000e+03 1.007643650588405659e+00 1.000000000000000056e-01
5.095000000000000000e+03 1.017339794024582966e+00 1.000000000000000056e-01
5.096000000000000000e+03 1.044764580982161295e+00 1.000000000000000056e-01
5.097000000000000000e+03 9.912032876260299386e-01 1.000000000000000056e-01
5.098000000000000000e+03 1.034958978947006836e+00 1.000000000000000056e-01
5.099000000000000000e+03 1.013622395001524623e+00 1.000000000000000056e-01
5.100000000000000000e+03 1.020000000000000018e+00 1.000000000000000056e-01
5.101000000000000000e+03 1.020199999999999996e+00 1.000000000000000056e-01
5.102000000000000000e+03 1.020399999999999974e+00 1.000000000000000056e-01
5.103000000000000000e+03 1.020599999999999952e+00 1.000000000000000056e-01
5.104000000000000000e+03 1.020800000000000152e+00 1.000000000000000056e-01
5.105000000000000000e+03 1.021000000000000130e+00 1.000000000000000056e-01
5.106000000000000000e+03 1.021200000000000108e+00 1.000000000000000056e-01
5.107000000000000000e+03 1.021400000000000086e+00 1.000000000000000056e-01
5.108000000000000000e+03 1.021600000000000064e+00 1.000000000000000056e-01
5.109000000000000000e+03 1.021800000000000042e+00 1.000000000000000056e-01
5.110000000000000000e+03 1.022000000000000020e+00 1.000000000000000056e-01
5.111000000000000000e+03 1.022199999999999998e+00 1.000000000000000056e-01
5.112000000000000000e+03 1.022399999999999975e+00 1.000000000000000056e-01
5.113000000000000000e+03 1.022599999999999953e+00 1.000000000000000056e-01
5.114000000000000000e+03 1.022800000000000153e+00 1.000000000000000056e-01
5.115000000000000000e+03 1.023000000000000131e+00 1.000000000000000056e-01
5.116000000000000000e+03 1.023200000000000109e+00 1.000000000000000056e-01
5.117000000000000000e+03 1.023400000000000087e+00 1.000000000000000056e-01
5.118000000000000000e+03 1.023600000000000065e+00 1.000000000000000056e-01
5.119000000000000000e+03 1.023800000000000043e+00 1.000000000000000056e-01
5.120000000000000000e+03 1.024000000000000021e+00 1.000000000000000056e-01
5.121000000000000000e+03 1.024199999999999999e+00 1.000000000000000056e-01
5.122000000000000000e+03 1.024399999999999977e+00 1.000000000000000056e-01
5.123000000000000000e+03 1.024599999999999955e+00 1.000000000000000056e-01
5.124000000000000000e+03 1.024800000000000155e+00 1.000000000000000056e-01
5.125000000000000000e+03 1.025000000000000133e+00 1.000000000000000056e-01
5.126000000000000000e+03 1.025200000000000111e+00 1.000000000000000056e-01
5.127000000000000000e+03 1.025400000000000089e+00 1.000000000000000056e-01
5.128000000000000000e+03 1.025600000000000067e+00 1.000000000000000056e-01
5.129000000000000000e+03 1.025800000000000045e+00 1.000000000000000056e-01
5.130000000000000000e+03 1.026000000000000023e+00 1.000000000000000056e-01
5.131000000000000000e+03 1.026200000000000001e+00 1.000000000000000056e-01
5.132000000000000000e+03 1.026399999999999979e+00 1.000000000000000056e-01
5.133000000000000000e+03 1.026599999999999957e+00 1.000000000000000056e-01
5.134000000000000000e+03 1.026800000000000157e+00 1.000000000000000056e-01
5.135000000000000000e+03 1.027000000000000135e+00 1.000000000000000056e-01
5.136000000000000000e+03 1.027200000000000113e+00 1.000000000000000056e-01
5.137000000000000000e+03 1.027400000000000091e+00 1.000000000000000056e-01
5.138000000000000000e+03 1.027600000000000069e+00 1.000000000000000056e-01
5.139000000000000000e+03 1.027800000000000047e+00 1.000000000000000056e-01
5.140000000000000000e+03 1.028000000000000025e+00 1.000000000000000056e-01
5.141000000000000000e+03 1.028200000000000003e+00 1.000000000000000056e-01
5.142000000000000000e+03 1.028399999999999981e+00 1.000000000000000056e-01
5.143000000000000000e+03 1.028599999999999959e+00 1.000000000000000056e-01
5.144000000000000000e+03 1.028800000000000159e+00 1.000000000000000056e-01
5.145000000000000000e+03 1.029000000000000137e+00 1.000000000000000056e-01
5.146000000000000000e+03 1.029200000000000115e+00 1.000000000000000056e-01
5.147000000000000000e+03 1.029400000000000093e+00 1.000000000000000056e-01
5.148000000000000000e+03 1.029600000000000071e+00 1.000000000000000056e-01
5.149000000000000000e+03 1.029800000000000049e+00 1.000000000000000056e-01
5.150000000000000000e+03 1.030000000000000027e+00 1.000000000000000056e-01
5.151000000000000000e+03 1.030200000000000005e+00 1.000000000000000056e-01
5.152000000000000000e+03 1.030399999999999983e+00 1.000000000000000056e-01
5.153000000000000000e+03 1.030599999999999961e+00 1.000000000000000056e-01
5.154000000000000000e+03 1.030799999999999939e+00 1.000000000000000056e-01
5.155000000000000000e+03 1.031000000000000139e+00 1.000000000000000056e-01
5.156000000000000000e+03 1.031200000000000117e+00 1.000000000000000056e-01
5.157000000000000000e+03 1.031400000000000095e+00 1.000000000000000056e-01
5.158000000000000000e+03 1.031600000000000072e+00 1.000000000000000056e-01
5.159000000000000000e+03 1.031800000000000050e+00 1.000000000000000056e-01
5.160000000000000000e+03 1.032000000000000028e+00 1.000000000000000056e-01
5.161000000000000000e+03 1.032200000000000006e+00 1.000000000000000056e-01
5.162000000000000000e+03 1.032399999999999984e+00 1.000000000000000056e-01
5.163000000000000000e+03 1.032599999999999962e+00 1.000000000000000056e-01
5.164000000000000000e+03 1.032799999999999940e+00 1.000000000000000056e-01
5.165000000000000000e+03 1.033000000000000140e+00 1.000000000000000056e-01
5.166000000000000000e+03 1.033200000000000118e+00 1.000000000000000056e-01
5.167000000000000000e+03 1.033400000000000096e+00 1.000000000000000056e-01
5.168000000000000000e+03 1.033600000000000074e+00 1.000000000000000056e-01
5.169000000000000000e+03 1.033800000000000052e+00 1.000000000000000056e-01
5.170000000000000000e+03 1.034000000000000030e+00 1.000000000000000056e-01
5.171000000000000000e+03 1.034200000000000008e+00 1.000000000000000056e-01
5.172000000000000000e+03 1.034399999999999986e+00 1.000000000000000056e-01
5.173000000000000000e+03 1.034599999999999964e+00 1.000000000000000056e-01
5.174000000000000000e+03 1.034799999999999942e+00 1.000000000000000056e-01
5.175000000000000000e+03 1.035000000000000142e+00 1.000000000000000056e-01
5.176000000000000000e+03 1.035200000000000120e+00 1.000000000000000056e-01
5.177000000000000000e+03 1.035400000000000098e+00 1.000000000000000056e-01
5.178000000000000000e+03 1.035600000000000076e+00 1.000000000000000056e-01
5.179000000000000000e+03 1.035800000000000054e+00 1.000000000000000056e-01
5.180000000000000000e+03 1.036000000000000032e+00 1.000000000000000056e-01
5.181000000000000000e+03 1.036200000000000010e+00 1.000000000000000056e-01
5.182000000000000000e+03 1.036399999999999988e+00 1.000000000000000056e-01
5.183000000000000000e+03 1.036599999999999966e+00 1.000000000000000056e-01
5.184000000000000000e+03 1.036799999999999944e+00 1.000000000000000056e-01
5.185000000000000000e+03 1.037000000000000144e+00 1.000000000000000056e-01
5.186000000000000000e+03 1.037200000000000122e+00 1.000000000000000056e-01
5.187000000000000000e+03 1.037400000000000100e+00 1.000000000000000056e-01
5.188000000000000000e+03 1.037600000000000078e+00 1.000000000000000056e-01
5.189000000000000000e+03 1.037800000000000056e+00 1.000000000000000056e-01
5.190000000000000000e+03 1.038000000000000034e+00 1.000000000000000056e-01
5.191000000000000000e+03 1.038200000000000012e+00 1.000000000000000056e-01
5.192000000000000000e+03 1.038399999999999990e+00 1.000000000000000056e-01
5.193000000000000000e+03 1.038599999999999968e+00 1.000000000000000056e-01
5.194000000000000000e+03 1.038799999999999946e+00 1.000000000000000056e-01
5.195000000000000000e+03 1.039000000000000146e+00 1.000000000000000056e-01
5.196000000000000000e+03 1.039200000000000124e+00 1.000000000000000056e-01
5.197000000000000000e+03 1.039400000000000102e+00 1.000000000000000056e-01
5.198000000000000000e+03 1.039600000000000080e+00 1.000000000000000056e-01
5.199000000000000000e+03 1.039800000000000058e+00 1.000000000000000056e-01
5.200000000000000000e+03 1.040000000000000036e+00 1.000000000000000056e-01
5.201000000000000000e+03 1.040200000000000014e+00 1.000000000000000056e-01
5.202000000000000000e+03 1.040399999999999991e+00 1.000000000000000056e-01
5.203000000000000000e+03 1.040599999999999969e+00 1.000000000000000056e-01
5.204000000000000000e+03 1.040799999999999947e+00 1.000000000000000056e-01
5.205000000000000000e+03 1.041000000000000147e+00 1.000000000000000056e-01
5.206000000000000000e+03 1.041200000000000125e+00 1.000000000000000056e-01
5.207000000000000000e+03 1.041400000000000103e+00 1.000000000000000056e-01
5.208000000000000000e+03 1.041600000000000081e+00 1.000000000000000056e-01
5.209000000000000000e+03 1.041800000000000059e+00 1.000000000000000056e-01
5.210000000000000000e+03 1.042000000000000037e+00 1.000000000000000056e-01
5.211000000000000000e+03 1.042200000000000015e+00 1.000000000000000056e-01
5.212000000000000000e+03 1.042399999999999993e+00 1.000000000000000056e-01
5.213000000000000000e+03 1.042599999999999971e+00 1.000000000000000056e-01
5.214000000000000000e+03 1.042799999999999949e+00 1.000000000000000056e-01
5.215000000000000000e+03 1.043000000000000149e+00 1.000000000000000056e-01
5.216000000000000000e+03 1.043200000000000127e+00 1.000000000000000056e-01
5.217000000000000000e+03 1.043400000000000105e+00 1.000000000000000056e-01
5.218000000000000000e+03 1.043600000000000083e+00 1.000000000000000056e-01
5.219000000000000000e+03 1.043800000000000061e+00 1.000000000000000056e-01
5.220000000000000000e+03 1.044000000000000039e+00 1.000000000000000056e-01
5.221000000000000000e+03 1.044200000000000017e+00 1.000000000000000056e-01
5.222000000000000000e+03 1.044399999999999995e+00 1.000000000000000056e-01
5.223000000000000000e+03 1.044599999999999973e+00 1.000000000000000056e-01
5.224000000000000000e+03 1.044799999999999951e+00 1.000000000000000056e-01
5.225000000000000000e+03 1.045000000000000151e+00 1.000000000000000056e-01
5.226000000000000000e+03 1.045200000000000129e+00 1.000000000000000056e-01
5.227000000000000000e+03 1.045400000000000107e+00 1.000000000000000056e-01
5.228000000000000000e+03 1.045600000000000085e+00 1.000000000000000056e-01
5.229000000000000000e+03 1.045800000000000063e+00 1.000000000000000056e-01
5.230000000000000000e+03 1.046000000000000041e+00 1.000000000000000056e-01
5.231000000000000000e+03 1.046200000000000019e+00 1.000000000000000056e-01
5.232000000000000000e+03 1.046399999999999997e+00 1.000000000000000056e-01
5.233000000000000000e+03 1.046599999999999975e+00 1.000000000000000056e-01
5.234000000000000000e+03 1.046799999999999953e+00 1.000000000000000056e-01
5.235000000000000000e+03 1.047000000000000153e+00 1.000000000000000056e-01
5.236000000000000000e+03 1.047200000000000131e+00 1.000000000000000056e-01
5.237000000000000000e+03 1.047400000000000109e+00 1.000000000000000056e-01
5.238000000000000000e+03 1.047600000000000087e+00 1.000000000000000056e-01
5.239000000000000000e+03 1.047800000000000065e+00 1.000000000000000056e-01
5.240000000000000000e+03 1.048000000000000043e+00 1.000000000000000056e-01
5.241000000000000000e+03 1.048200000000000021e+00 1.000000000000000056e-01
5.242000000000000000e+03 1.048399999999999999e+00 1.000000000000000056e-01
5.243000000000000000e+03 1.048599999999999977e+00 1.000000000000000056e-01
5.244000000000000000e+03 1.048799999999999955e+00 1.000000000000000056e-01
5.245000000000000000e+03 1.049000000000000155e+00 1.000000000000000056e-01
5.246000000000000000e+03 1.049200000000000133e+00 1.000000000000000056e-01
5.247000000000000000e+03 1.049400000000000110e+00 1.000000000000000056e-01
5.248000000000000000e+03 1.049600000000000088e+00 1.000000000000000056e-01
5.249000000000000000e+03 1.049800000000000066e+00 1.000000000000000056e-01
5.250000000000000000e+03 1.050000000000000044e+00 1.000000000000000056e-01
5.251000000000000000e+03 1.050200000000000022e+00 1.000000000000000056e-01
5.252000000000000000e+03 1.050400000000000000e+00 1.000000000000000056e-01
5.253000000000000000e+03 1.050599999999999978e+00 1.000000000000000056e-01
5.254000000000000000e+03 1.050799999999999956e+00 1.000000000000000056e-01
5.255000000000000000e+03 1.051000000000000156e+00 1.000000000000000056e-01
5.256000000000000000e+03 1.051200000000000134e+00 1.000000000000000056e-01
5.257000000000000000e+03 1.051400000000000112e+00 1.000000000000000056e-01
5.258000000000000000e+03 1.051600000000000090e+00 1.000000000000000056e-01
5.259000000000000000e+03 1.051800000000000068e+00 1.000000000000000056e-01
5.260000000000000000e+03 1.052000000000000046e+00 1.000000000000000056e-01
5.261000000000000000e+03 1.052200000000000024e+00 1.000000000000000056e-01
5.262000000000000000e+03 1.052400000000000002e+00 1.000000000000000056e-01
5.263000000000000000e+03 1.052599999999999980e+00 1.000000000000000056e-01
5.264000000000000000e+03 1.052799999999999958e+00 1.000000000000000056e-01
5.265000000000000000e+03 1.053000000000000158e+00 1.000000000000000056e-01
5.266000000000000000e+03 1.053200000000000136e+00 1.000000000000000056e-01
5.267000000000000000e+03 1.053400000000000114e+00 1.000000000000000056e-01
5.268000000000000000e+03 1.053600000000000092e+00 1.000000000000000056e-01
5.269000000000000000e+03 1.053800000000000070e+00 1.000000000000000056e-01
5.270000000000000000e+03 1.054000000000000048e+00 1.000000000000000056e-01
5.271000000000000000e+03 1.054200000000000026e+00 1.000000000000000056e-01
5.272000000000000000e+03 1.054400000000000004e+00 1.000000000000000056e-01
5.273000000000000000e+03 1.054599999999999982e+00 1.000000000000000056e-01
5.274000000000000000e+03 1.054799999999999960e+00 1.000000000000000056e-01
5.275000000000000000e+03 1.055000000000000160e+00 1.000000000000000056e-01
5.276000000000000000e+03 1.055200000000000138e+00 1.000000000000000056e-01
5.277000000000000000e+03 1.055400000000000116e+00 1.000000000000000056e-01
5.278000000000000000e+03 1.055600000000000094e+00 1.000000000000000056e-01
5.279000000000000000e+03 1.055800000000000072e+00 1.000000000000000056e-01
5.280000000000000000e+03 1.056000000000000050e+00 1.000000000000000056e-01
5.281000000000000000e+03 1.056200000000000028e+00 1.000000000000000056e-01
5.282000000000000000e+03 1.056400000000000006e+00 1.000000000000000056e-01
5.283000000000000000e+03 1.056599999999999984e+00 1.000000000000000056e-01
5.284000000000000000e+03 1.056799999999999962e+00 1.000000000000000056e-01
5.285000000000000000e+03 1.057000000000000162e+00 1.000000000000000056e-01
5.286000000000000000e+03 1.057200000000000140e+00 1.000000000000000056e-01
5.287000000000000000e+03 1.057400000000000118e+00 1.000000000000000056e-01
5.288000000000000000e+03 1.057600000000000096e+00 1.000000000000000056e-01
5.289000000000000000e+03 1.057800000000000074e+00 1.000000000000000056e-01
5.290000000000000000e+03 1.058000000000000052e+00 1.000000000000000056e-01
5.291000000000000000e+03 1.058200000000000029e+00 1.000000000000000056e-01
5.292000000000000000e+03 1.058400000000000007e+00 1.000000000000000056e-01
5.293000000000000000e+03 1.058599999999999985e+00 1.000000000000000056e-01
5.294000000000000000e+03 1.058799999999999963e+00 1.000000000000000056e-01
5.295000000000000000e+03 1.058999999999999941e+00 1.000000000000000056e-01
5.296000000000000000e+03 1.059200000000000141e+00 1.000000000000000056e-01
5.297000000000000000e+03 1.059400000000000119e+00 1.000000000000000056e-01
5.298000000000000000e+03 1.059600000000000097e+00 1.000000000000000056e-01
5.299000000000000000e+03 1.059800000000000075e+00 1.000000000000000056e-01
5.300000000000000000e+03 1.060000000000000053e+00 1.000000000000000056e-01
5.301000000000000000e+03 1.060200000000000031e+00 1.000000000000000056e-01
5.302000000000000000e+03 1.060400000000000009e+00 1.000000000000000056e-01
5.303000000000000000e+03 1.060599999999999987e+00 1.000000000000000056e-01
5.304000000000000000e+03 1.060799999999999965e+00 1.000000000000000056e-01
5.305000000000000000e+03 1.060999999999999943e+00 1.000000000000000056e-01
5.306000000000000000e+03 1.061200000000000143e+00 1.000000000000000056e-01
5.307000000000000000e+03 1.061400000000000121e+00 1.000000000000000056e-01
5.308000000000000000e+03 1.061600000000000099e+00 1.000000000000000056e-01
5.309000000000000000e+03 1.061800000000000077e+00 1.000000000000000056e-01
5.310000000000000000e+03 1.062000000000000055e+00 1.000000000000000056e-01
5.311000000000000000e+03 1.062200000000000033e+00 1.000000000000000056e-01
5.312000000000000000e+03 1.062400000000000011e+00 1.000000000000000056e-01
5.313000000000000000e+03 1.062599999999999989e+00 1.000000000000000056e-01
5.314000000000000000e+03 1.062799999999999967e+00 1.000000000000000056e-01
5.315000000000000000e+03 1.062999999999999945e+00 1.000000000000000056e-01
5.316000000000000000e+03 1.063200000000000145e+00 1.000000000000000056e-01
5.317000000000000000e+03 1.063400000000000123e+00 1.000000000000000056e-01
5.318000000000000000e+03 1.063600000000000101e+00 1.000000000000000056e-01
5.319000000000000000e+03 1.063800000000000079e+00 1.000000000000000056e-01
5.320000000000000000e+03 1.064000000000000057e+00 1.000000000000000056e-01
5.321000000000000000e+03 1.064200000000000035e+00 1.000000000000000056e-01
5.322000000000000000e+03 1.064400000000000013e+00 1.000000000000000056e-01
5.323000000000000000e+03 1.064599999999999991e+00 1.000000000000000056e-01
5.324000000000000000e+03 1.064799999999999969e+00 1.000000000000000056e-01
5.325000000000000000e+03 1.064999999999999947e+00 1.000000000000000056e-01
5.326000000000000000e+03 1.065200000000000147e+00 1.000000000000000056e-01
5.327000000000000000e+03 1.065400000000000125e+00 1.000000000000000056e-01
5.328000000000000000e+03 1.065600000000000103e+00 1.000000000000000056e-01
5.329000000000000000e+03 1.065800000000000081e+00 1.000000000000000056e-01
5.330000000000000000e+03 1.066000000000000059e+00 1.000000000000000056e-01
5.331000000000000000e+03 1.066200000000000037e+00 1.000000000000000056e-01
5.332000000000000000e+03 1.066400000000000015e+00 1.000000000000000056e-01
5.333000000000000000e+03 1.066599999999999993e+00 1.000000000000000056e-01
5.334000000000000000e+03 1.066799999999999971e+00 1.000000000000000056e-01
5.335000000000000000e+03 1.066999999999999948e+00 1.000000000000000056e-01
5.336000000000000000e+03 1.067200000000000149e+00 1.000000000000000056e-01
5.337000000000000000e+03 1.067400000000000126e+00 1.000000000000000056e-01
5.338000000000000000e+03 1.067600000000000104e+00 1.000000000000000056e-01
5.339000000000000000e+03 1.067800000000000082e+00 1.000000000000000056e-01
5.340000000000000000e+03 1.068000000000000060e+00 1.000000000000000056e-01
5.341000000000000000e+03 1.068200000000000038e+00 1.000000000000000056e-01
5.342000000000000000e+03 1.068400000000000016e+00 1.000000000000000056e-01
5.343000000000000000e+03 1.068599999999999994e+00 1.000000000000000056e-01
5.344000000000000000e+03 1.068799999999999972e+00 1.000000000000000056e-01
5.345000000000000000e+03 1.068999999999999950e+00 1.000000000000000056e-01
5.346000000000000000e+03 1.069200000000000150e+00 1.000000000000000056e-01
5.347000000000000000e+03 1.069400000000000128e+00 1.000000000000000056e-01
5.348000000000000000e+03 1.069600000000000106e+00 1.000000000000000056e-01
5.349000000000000000e+03 1.069800000000000084e+00 1.000000000000000056e-01
5.350000000000000000e+03 1.070000000000000062e+00 1.000000000000000056e-01
5.351000000000000000e+03 1.070200000000000040e+00 1.000000000000000056e-01
5.352000000000000000e+03 1.070400000000000018e+00 1.000000000000000056e-01
5.353000000000000000e+03 1.070599999999999996e+00 1.000000000000000056e-01
5.354000000000000000e+03 1.070799999999999974e+00 1.000000000000000056e-01
5.355000000000000000e+03 1.070999999999999952e+00 1.000000000000000056e-01
5.356000000000000000e+03 1.071200000000000152e+00 1.000000000000000056e-01
5.357000000000000000e+03 1.071400000000000130e+00 1.000000000000000056e-01
5.358000000000000000e+03 1.071600000000000108e+00 1.000000000000000056e-01
5.359000000000000000e+03 1.071800000000000086e+00 1.000000000000000056e-01
5.360000000000000000e+03 1.072000000000000064e+00 1.000000000000000056e-01
5.361000000000000000e+03 1.072200000000000042e+00 1.000000000000000056e-01
5.362000000000000000e+03 1.072400000000000020e+00 1.000000000000000056e-01
5.363000000000000000e+03 1.072599999999999998e+00 1.000000000000000056e-01
5.364000000000000000e+03 1.072799999999999976e+00 1.000000000000000056e-01
5.365000000000000000e+03 1.072999999999999954e+00 1.000000000000000056e-01
5.366000000000000000e+03 1.073200000000000154e+00 1.000000000000000056e-01
5.367000000000000000e+03 1.073400000000000132e+00 1.000000000000000056e-01
5.368000000000000000e+03 1.073600000000000110e+00 1.000000000000000056e-01
5.369000000000000000e+03 1.073800000000000088e+00 1.000000000000000056e-01
5.370000000000000000e+03 1.074000000000000066e+00 1.000000000000000056e-01
5.371000000000000000e+03 1.074200000000000044e+00 1.000000000000000056e-01
5.372000000000000000e+03 1.074400000000000022e+00 1.000000000000000056e-01
5.373000000000000000e+03 1.074600000000000000e+00 1.000000000000000056e-01
5.374000000000000000e+03 1.074799999999999978e+00 1.000000000000000056e-01
5.375000000000000000e+03 1.074999999999999956e+00 1.000000000000000056e-01
5.376000000000000000e+03 1.075200000000000156e+00 1.000000000000000056e-01
5.377000000000000000e+03 1.075400000000000134e+00 1.000000000000000056e-01
5.378000000000000000e+03 1.075600000000000112e+00 1.000000000000000056e-01
5.379000000000000000e+03 1.075800000000000090e+00 1.000000000000000056e-01
5.380000000000000000e+03 1.076000000000000068e+00 1.000000000000000056e-01
5.381000000000000000e+03 1.076200000000000045e+00 1.000000000000000056e-01
5.382000000000000000e+03 1.076400000000000023e+00 1.000000000000000056e-01
5.383000000000000000e+03 1.076600000000000001e+00 1.000000000000000056e-01
5.384000000000000000e+03 1.076799999999999979e+00 1.000000000000000056e-01
5.385000000000000000e+03 1.076999999999999957e+00 1.000000000000000056e-01
5.386000000000000000e+03 1.077200000000000157e+00 1.000000000000000056e-01
5.387000000000000000e+03 1.077400000000000135e+00 1.000000000000000056e-01
5.388000000000000000e+03 1.077600000000000113e+00 1.000000000000000056e-01
5.389000000000000000e+03 1.077800000000000091e+00 1.000000000000000056e-01
5.390000000000000000e+03 1.078000000000000069e+00 1.000000000000000056e-01
5.391000000000000000e+03 1.078200000000000047e+00 1.000000000000000056e-01
5.392000000000000000e+03 1.078400000000000025e+00 1.000000000000000056e-01
5.393000000000000000e+03 1.078600000000000003e+00 1.000000000000000056e-01
5.394000000000000000e+03 1.078799999999999981e+00 1.000000000000000056e-01
5.395000000000000000e+03 1.078999999999999959e+00 1.000000000000000056e-01
5.396000000000000000e+03 1.079200000000000159e+00 1.000000000000000056e-01
5.397000000000000000e+03 1.079400000000000137e+00 1.000000000000000056e-01
5.398000000000000000e+03 1.079600000000000115e+00 1.000000000000000056e-01
5.399000000000000000e+03 1.079800000000000093e+00 1.000000000000000056e-01
5.400000000000000000e+03 1.080000000000000071e+00 1.000000000000000056e-01
5.401000000000000000e+03 1.080200000000000049e+00 1.000000000000000056e-01
5.402000000000000000e+03 1.080400000000000027e+00 1.000000000000000056e-01
5.403000000000000000e+03 1.080600000000000005e+00 1.000000000000000056e-01
5.404000000000000000e+03 1.080799999999999983e+00 1.000000000000000056e-01
5.405000000000000000e+03 1.080999999999999961e+00 1.000000000000000056e-01
5.406000000000000000e+03 1.081200000000000161e+00 1.000000000000000056e-01
5.407000000000000000e+03 1.081400000000000139e+00 1.000000000000000056e-01
5.408000000000000000e+03 1.081600000000000117e+00 1.000000000000000056e-01
5.409000000000000000e+03 1.081800000000000095e+00 1.000000000000000056e-01
5.410000000000000000e+03 1.082000000000000073e+00 1.000000000000000056e-01
5.411000000000000000e+03 1.082200000000000051e+00 1.000000000000000056e-01
5.412000000000000000e+03 1.082400000000000029e+00 1.000000000000000056e-01
5.413000000000000000e+03 1.082600000000000007e+00 1.000000000000000056e-01
5.414000000000000000e+03 1.082799999999999985e+00 1.000000000000000056e-01
5.415000000000000000e+03 1.082999999999999963e+00 1.000000000000000056e-01
5.416000000000000000e+03 1.083200000000000163e+00 1.000000000000000056e-01
5.417000000000000000e+03 1.083400000000000141e+00 1.000000000000000056e-01
5.418000000000000000e+03 1.083600000000000119e+00 1.000000000000000056e-01
5.419000000000000000e+03 1.083800000000000097e+00 1.000000000000000056e-01
5.420000000000000000e+03 1.084000000000000075e+00 1.000000000000000056e-01
5.421000000000000000e+03 1.084200000000000053e+00 1.000000000000000056e-01
5.422000000000000000e+03 1.084400000000000031e+00 1.000000000000000056e-01
5.423000000000000000e+03 1.084600000000000009e+00 1.000000000000000056e-01
5.424000000000000000e+03 1.084799999999999986e+00 1.000000000000000056e-01
5.425000000000000000e+03 1.084999999999999964e+00 1.000000000000000056e-01
5.426000000000000000e+03 1.085199999999999942e+00 1.000000000000000056e-01
5.427000000000000000e+03 1.085400000000000142e+00 1.000000000000000056e-01
5.428000000000000000e+03 1.085600000000000120e+00 1.000000000000000056e-01
5.429000000000000000e+03 1.085800000000000098e+00 1.000000000000000056e-01
5.430000000000000000e+03 1.086000000000000076e+00 1.000000000000000056e-01
5.431000000000000000e+03 1.086200000000000054e+00 1.000000000000000056e-01
5.432000000000000000e+03 1.086400000000000032e+00 1.000000000000000056e-01
5.433000000000000000e+03 1.086600000000000010e+00 1.000000000000000056e-01
5.434000000000000000e+03 1.086799999999999988e+00 1.000000000000000056e-01
5.435000000000000000e+03 1.086999999999999966e+00 1.000000000000000056e-01
5.436000000000000000e+03 1.087199999999999944e+00 1.000000000000000056e-01
5.437000000000000000e+03 1.087400000000000144e+00 1.000000000000000056e-01
5.438000000000000000e+03 1.087600000000000122e+00 1.000000000000000056e-01
5.439000000000000000e+03 1.087800000000000100e+00 1.000000000000000056e-01
5.440000000000000000e+03 1.088000000000000078e+00 1.000000000000000056e-01
5.441000000000000000e+03 1.088200000000000056e+00 1.000000000000000056e-01
5.442000000000000000e+03 1.088400000000000034e+00 1.000000000000000056e-01
5.443000000000000000e+03 1.088600000000000012e+00 1.000000000000000056e-01
5.444000000000000000e+03 1.088799999999999990e+00 1.000000000000000056e-01
5.445000000000000000e+03 1.088999999999999968e+00 1.000000000000000056e-01
5.446000000000000000e+03 1.089199999999999946e+00 1.000000000000000056e-01
5.447000000000000000e+03 1.089400000000000146e+00 1.000000000000000056e-01
5.448000000000000000e+03 1.089600000000000124e+00 1.000000000000000056e-01
5.449000000000000000e+03 1.089800000000000102e+00 1.000000000000000056e-01
5.450000000000000000e+03 1.090000000000000080e+00 1.000000000000000056e-01
5.451000000000000000e+03 1.090200000000000058e+00 1.000000000000000056e-01
5.452000000000000000e+03 1.090400000000000036e+00 1.000000000000000056e-01
5.453000000000000000e+03 1.090600000000000014e+00 1.000000000000000056e-01
5.454000000000000000e+03 1.090799999999999992e+00 1.000000000000000056e-01
5.455000000000000000e+03 1.090999999999999970e+00 1.000000000000000056e-01
5.456000000000000000e+03 1.091199999999999948e+00 1.000000000000000056e-01
5.457000000000000000e+03 1.091400000000000148e+00 1.000000000000000056e-01
5.458000000000000000e+03 1.091600000000000126e+00 1.000000000000000056e-01
5.459000000000000000e+03 1.091800000000000104e+00 1.000000000000000056e-01
5.460000000000000000e+03 1.092000000000000082e+00 1.000000000000000056e-01
5.461000000000000000e+03 1.092200000000000060e+00 1.000000000000000056e-01
5.462000000000000000e+03 1.092400000000000038e+00 1.000000000000000056e-01
5.463000000000000000e+03 1.092600000000000016e+00 1.000000000000000056e-01
5.464000000000000000e+03 1.092799999999999994e+00 1.000000000000000056e-01
5.465000000000000000e+03 1.092999999999999972e+00 1.000000000000000056e-01
5.466000000000000000e+03 1.093199999999999950e+00 1.000000000000000056e-01
5.467000000000000000e+03 1.093400000000000150e+00 1.000000000000000056e-01
5.468000000000000000e+03 1.093600000000000128e+00 1.000000000000000056e-01
5.469000000000000000e+03 1.093800000000000106e+00 1.000000000000000056e-01
5.470000000000000000e+03 1.094000000000000083e+00 1.000000000000000056e-01
5.471000000000000000e+03 1.094200000000000061e+00 1.000000000000000056e-01
5.472000000000000000e+03 1.094400000000000039e+00 1.000000000000000056e-01
5.473000000000000000e+03 1.094600000000000017e+00 1.000000000000000056e-01
5.474000000000000000e+03 1.094799999999999995e+00 1.000000000000000056e-01
5.475000000000000000e+03 1.094999999999999973e+00 1.000000000000000056e-01
5.476000000000000000e+03 1.095199999999999951e+00 1.000000000000000056e-01
5.477000000000000000e+03 1.095400000000000151e+00 1.000000000000000056e-01
5.478000000000000000e+03 1.095600000000000129e+00 1.000000000000000056e-01
5.479000000000000000e+03 1.095800000000000107e+00 1.000000000000000056e-01
5.480000000000000000e+03 1.096000000000000085e+00 1.000000000000000056e-01
5.481000000000000000e+03 1.096200000000000063e+00 1.000000000000000056e-01
5.482000000000000000e+03 1.096400000000000041e+00 1.000000000000000056e-01
5.483000000000000000e+03 1.096600000000000019e+00 1.000000000000000056e-01
5.484000000000000000e+03 1.096799999999999997e+00 1.000000000000000056e-01
5.485000000000000000e+03 1.096999999999999975e+00 1.000000000000000056e-01
5.486000000000000000e+03 1.097199999999999953e+00 1.000000000000000056e-01
5.487000000000000000e+03 1.097400000000000153e+00 1.000000000000000056e-01
5.488000000000000000e+03 1.097600000000000131e+00 1.000000000000000056e-01
5.489000000000000000e+03 1.097800000000000109e+00 1.000000000000000056e-01
5.490000000000000000e+03 1.098000000000000087e+00 1.000000000000000056e-01
5.491000000000000000e+03 1.098200000000000065e+00 1.000000000000000056e-01
5.492000000000000000e+03 1.098400000000000043e+00 1.000000000000000056e-01
5.493000000000000000e+03 1.098600000000000021e+00 1.000000000000000056e-01
5.494000000000000000e+03 1.098799999999999999e+00 1.000000000000000056e-01
5.495000000000000000e+03 1.098999999999999977e+00 1.000000000000000056e-01
5.496000000000000000e+03 1.099199999999999955e+00 1.000000000000000056e-01
5.497000000000000000e+03 1.099400000000000155e+00 1.000000000000000056e-01
5.498000000000000000e+03 1.099600000000000133e+00 1.000000000000000056e-01
5.499000000000000000e+03 1.099800000000000111e+00 1.000000000000000056e-01
5.500000000000000000e+03 1.100000000000000089e+00 1.000000000000000056e-01
5.501000000000000000e+03 1.100200000000000067e+00 1.000000000000000056e-01
5.502000000000000000e+03 1.100400000000000045e+00 1.000000000000000056e-01
5.503000000000000000e+03 1.100600000000000023e+00 1.000000000000000056e-01
5.504000000000000000e+03 1.100800000000000001e+00 1.000000000000000056e-01
5.505000000000000000e+03 1.100999999999999979e+00 1.000000000000000056e-01
5.506000000000000000e+03 1.101199999999999957e+00 1.000000000000000056e-01
5.507000000000000000e+03 1.101400000000000157e+00 1.000000000000000056e-01
5.508000000000000000e+03 1.101600000000000135e+00 1.000000000000000056e-01
5.509000000000000000e+03 1.101800000000000113e+00 1.000000000000000056e-01
5.510000000000000000e+03 1.102000000000000091e+00 1.000000000000000056e-01
5.511000000000000000e+03 1.102200000000000069e+00 1.000000000000000056e-01
5.512000000000000000e+03 1.102400000000000047e+00 1.000000000000000056e-01
5.513000000000000000e+03 1.102600000000000025e+00 1.000000000000000056e-01
5.514000000000000000e+03 1.102800000000000002e+00 1.000000000000000056e-01
5.515000000000000000e+03 1.102999999999999980e+00 1.000000000000000056e-01
5.516000000000000000e+03 1.103199999999999958e+00 1.000000000000000056e-01
5.517000000000000000e+03 1.103400000000000158e+00 1.000000000000000056e-01
5.518000000000000000e+03 1.103600000000000136e+00 1.000000000000000056e-01
5.519000000000000000e+03 1.103800000000000114e+00 1.000000000000000056e-01
5.520000000000000000e+03 1.104000000000000092e+00 1.000000000000000056e-01
5.521000000000000000e+03 1.104200000000000070e+00 1.000000000000000056e-01
5.522000000000000000e+03 1.104400000000000048e+00 1.000000000000000056e-01
5.523000000000000000e+03 1.104600000000000026e+00 1.000000000000000056e-01
5.524000000000000000e+03 1.104800000000000004e+00 1.000000000000000056e-01
5.525000000000000000e+03 1.104999999999999982e+00 1.000000000000000056e-01
5.526000000000000000e+03 1.105199999999999960e+00 1.000000000000000056e-01
5.527000000000000000e+03 1.105400000000000160e+00 1.000000000000000056e-01
5.528000000000000000e+03 1.105600000000000138e+00 1.000000000000000056e-01
5.529000000000000000e+03 1.105800000000000116e+00 1.000000000000000056e-01
5.530000000000000000e+03 1.106000000000000094e+00 1.000000000000000056e-01
5.531000000000000000e+03 1.106200000000000072e+00 1.000000000000000056e-01
5.532000000000000000e+03 1.106400000000000050e+00 1.000000000000000056e-01
5.533000000000000000e+03 1.106600000000000028e+00 1.000000000000000056e-01
5.534000000000000000e+03 1.106800000000000006e+00 1.000000000000000056e-01
